    8192	       0.002008	       0.000547	       0.000383	       0.003051	   5.347354e-01
    4096	       0.001126	       0.000455	       0.000123	       0.001750	   1.686363e-06
    2048	       0.001114	       0.000406	       0.000225	       0.001787	   6.745403e-06
    1024	       0.001153	       0.000373	       0.000099	       0.001667	   2.698086e-05
     512	       0.001167	       0.000335	       0.000217	       0.001761	   1.079113e-04
     256	       0.001235	       0.000300	       0.000099	       0.001675	   4.314482e-04
     128	       0.000963	       0.000259	       0.000198	       0.001462	   1.722635e-03
      64	       0.000856	       0.000223	       0.000066	       0.001186	   6.840311e-03
      32	       0.000868	       0.000187	       0.000061	       0.001158	   2.657969e-02
      16	       0.000850	       0.000152	       0.000061	       0.001103	   9.354088e-02
       8	       0.000862	       0.000117	       0.000061	       0.001080	   2.769624e-01
       4	       0.000788	       0.000085	       0.000060	       0.000973	   3.660636e-01
    8192	       0.001989	       0.000539	       0.000322	       0.002893	   5.347354e-01
    4096	       0.001131	       0.000453	       0.000122	       0.001747	   1.686363e-06
    2048	       0.001121	       0.000411	       0.000227	       0.001801	   6.745403e-06
    1024	       0.001156	       0.000368	       0.000098	       0.001663	   2.698086e-05
     512	       0.001170	       0.000330	       0.000217	       0.001758	   1.079113e-04
     256	       0.001232	       0.000297	       0.000101	       0.001671	   4.314482e-04
     128	       0.000959	       0.000259	       0.000193	       0.001453	   1.722635e-03
      64	       0.000870	       0.000223	       0.000067	       0.001201	   6.840311e-03
      32	       0.000843	       0.000187	       0.000064	       0.001136	   2.657969e-02
      16	       0.000862	       0.000150	       0.000060	       0.001115	   9.354088e-02
       8	       0.000836	       0.000118	       0.000059	       0.001054	   2.769624e-01
       4	       0.000774	       0.000083	       0.000060	       0.000957	   3.660636e-01
    8192	       0.001985	       0.000545	       0.000320	       0.002892	   5.347354e-01
    4096	       0.001131	       0.000456	       0.000123	       0.001751	   1.686363e-06
    2048	       0.001112	       0.000406	       0.000224	       0.001785	   6.745403e-06
    1024	       0.001154	       0.000372	       0.000099	       0.001666	   2.698086e-05
     512	       0.001172	       0.000335	       0.000218	       0.001767	   1.079113e-04
     256	       0.001237	       0.000301	       0.000100	       0.001679	   4.314482e-04
     128	       0.000962	       0.000259	       0.000195	       0.001456	   1.722635e-03
      64	       0.000858	       0.000223	       0.000066	       0.001189	   6.840311e-03
      32	       0.000867	       0.000188	       0.000061	       0.001157	   2.657969e-02
      16	       0.000849	       0.000151	       0.000061	       0.001103	   9.354088e-02
       8	       0.000862	       0.000119	       0.000062	       0.001083	   2.769624e-01
       4	       0.000788	       0.000085	       0.000061	       0.000975	   3.660636e-01
    8192	       0.001985	       0.000541	       0.000320	       0.002888	   5.347354e-01
    4096	       0.001131	       0.000453	       0.000121	       0.001747	   1.686363e-06
    2048	       0.001115	       0.000411	       0.000225	       0.001793	   6.745403e-06
    1024	       0.001152	       0.000367	       0.000098	       0.001660	   2.698086e-05
     512	       0.001172	       0.000330	       0.000218	       0.001761	   1.079113e-04
     256	       0.001232	       0.000296	       0.000100	       0.001670	   4.314482e-04
     128	       0.000960	       0.000259	       0.000195	       0.001456	   1.722635e-03
      64	       0.000871	       0.000224	       0.000067	       0.001204	   6.840311e-03
      32	       0.000843	       0.000187	       0.000061	       0.001134	   2.657969e-02
      16	       0.000862	       0.000151	       0.000062	       0.001117	   9.354088e-02
       8	       0.000838	       0.000119	       0.000060	       0.001059	   2.769624e-01
       4	       0.000774	       0.000083	       0.000060	       0.000957	   3.660636e-01
    8192	       0.001987	       0.000545	       0.000320	       0.002892	   5.347354e-01
    4096	       0.001124	       0.000455	       0.000121	       0.001744	   1.686363e-06
    2048	       0.001118	       0.000407	       0.000229	       0.001797	   6.745403e-06
    1024	       0.001154	       0.000372	       0.000101	       0.001669	   2.698086e-05
     512	       0.001169	       0.000338	       0.000219	       0.001768	   1.079113e-04
     256	       0.001242	       0.000300	       0.000100	       0.001684	   4.314482e-04
     128	       0.000948	       0.000260	       0.000195	       0.001445	   1.722635e-03
      64	       0.000868	       0.000224	       0.000067	       0.001201	   6.840311e-03
      32	       0.000857	       0.000186	       0.000062	       0.001147	   2.657969e-02
      16	       0.000861	       0.000153	       0.000061	       0.001116	   9.354088e-02
       8	       0.000850	       0.000117	       0.000060	       0.001068	   2.769624e-01
       4	       0.000775	       0.000083	       0.000061	       0.000959	   3.660636e-01
    8192	       0.001979	       0.000543	       0.000319	       0.002884	   5.347354e-01
    4096	       0.001126	       0.000456	       0.000120	       0.001745	   1.686363e-06
    2048	       0.001118	       0.000403	       0.000225	       0.001787	   6.745403e-06
    1024	       0.001154	       0.000370	       0.000098	       0.001663	   2.698086e-05
     512	       0.001169	       0.000333	       0.000223	       0.001766	   1.079113e-04
     256	       0.001231	       0.000298	       0.000100	       0.001672	   4.314482e-04
     128	       0.000971	       0.000261	       0.000195	       0.001468	   1.722635e-03
      64	       0.000858	       0.000225	       0.000066	       0.001189	   6.840311e-03
      32	       0.000855	       0.000189	       0.000061	       0.001147	   2.657969e-02
      16	       0.000851	       0.000151	       0.000063	       0.001106	   9.354088e-02
       8	       0.000849	       0.000118	       0.000061	       0.001070	   2.769624e-01
       4	       0.000784	       0.000084	       0.000060	       0.000970	   3.660636e-01
    8192	       0.001990	       0.000546	       0.000319	       0.002898	   5.347354e-01
    4096	       0.001133	       0.000452	       0.000120	       0.001746	   1.686363e-06
    2048	       0.001114	       0.000410	       0.000228	       0.001794	   6.745403e-06
    1024	       0.001157	       0.000371	       0.000098	       0.001669	   2.698086e-05
     512	       0.001167	       0.000336	       0.000216	       0.001762	   1.079113e-04
     256	       0.001244	       0.000300	       0.000100	       0.001685	   4.314482e-04
     128	       0.000950	       0.000261	       0.000194	       0.001447	   1.722635e-03
      64	       0.000869	       0.000224	       0.000067	       0.001200	   6.840311e-03
      32	       0.000858	       0.000186	       0.000062	       0.001148	   2.657969e-02
      16	       0.000861	       0.000152	       0.000062	       0.001116	   9.354088e-02
       8	       0.000851	       0.000117	       0.000059	       0.001068	   2.769624e-01
       4	       0.000775	       0.000082	       0.000061	       0.000959	   3.660636e-01
    8192	       0.001986	       0.000543	       0.000317	       0.002888	   5.347354e-01
    4096	       0.001132	       0.000457	       0.000121	       0.001753	   1.686363e-06
    2048	       0.001125	       0.000403	       0.000225	       0.001795	   6.745403e-06
    1024	       0.001155	       0.000369	       0.000097	       0.001663	   2.698086e-05
     512	       0.001165	       0.000333	       0.000216	       0.001760	   1.079113e-04
     256	       0.001230	       0.000299	       0.000100	       0.001670	   4.314482e-04
     128	       0.000971	       0.000259	       0.000198	       0.001471	   1.722635e-03
      64	       0.000859	       0.000224	       0.000067	       0.001191	   6.840311e-03
      32	       0.000857	       0.000188	       0.000063	       0.001151	   2.657969e-02
      16	       0.000851	       0.000151	       0.000062	       0.001105	   9.354088e-02
       8	       0.000848	       0.000120	       0.000061	       0.001069	   2.769624e-01
       4	       0.000785	       0.000084	       0.000060	       0.000969	   3.660636e-01
    8192	       0.001993	       0.000549	       0.000319	       0.002905	   5.347354e-01
    4096	       0.001134	       0.000450	       0.000121	       0.001746	   1.686363e-06
    2048	       0.001118	       0.000408	       0.000227	       0.001795	   6.745403e-06
    1024	       0.001154	       0.000371	       0.000099	       0.001666	   2.698086e-05
     512	       0.001169	       0.000337	       0.000219	       0.001766	   1.079113e-04
     256	       0.001241	       0.000298	       0.000098	       0.001680	   4.314482e-04
     128	       0.000951	       0.000261	       0.000192	       0.001446	   1.722635e-03
      64	       0.000868	       0.000224	       0.000067	       0.001200	   6.840311e-03
      32	       0.000859	       0.000186	       0.000063	       0.001149	   2.657969e-02
      16	       0.000860	       0.000152	       0.000063	       0.001116	   9.354088e-02
       8	       0.000851	       0.000117	       0.000061	       0.001069	   2.769624e-01
       4	       0.000776	       0.000083	       0.000060	       0.000959	   3.660636e-01
    8192	       0.001990	       0.000544	       0.000319	       0.002894	   5.347354e-01
    4096	       0.001130	       0.000456	       0.000121	       0.001748	   1.686363e-06
    2048	       0.001123	       0.000405	       0.000225	       0.001795	   6.745403e-06
    1024	       0.001152	       0.000370	       0.000098	       0.001662	   2.698086e-05
     512	       0.001163	       0.000333	       0.000218	       0.001756	   1.079113e-04
     256	       0.001230	       0.000298	       0.000100	       0.001668	   4.314482e-04
     128	       0.000970	       0.000262	       0.000193	       0.001467	   1.722635e-03
      64	       0.000858	       0.000224	       0.000066	       0.001189	   6.840311e-03
      32	       0.000855	       0.000188	       0.000062	       0.001146	   2.657969e-02
      16	       0.000851	       0.000152	       0.000063	       0.001106	   9.354088e-02
       8	       0.000848	       0.000119	       0.000061	       0.001068	   2.769624e-01
       4	       0.000785	       0.000084	       0.000059	       0.000968	   3.660636e-01
    8192	       0.001991	       0.000547	       0.000319	       0.002898	   5.347354e-01
    4096	       0.001136	       0.000449	       0.000120	       0.001748	   1.686363e-06
    2048	       0.001116	       0.000409	       0.000225	       0.001791	   6.745403e-06
    1024	       0.001155	       0.000371	       0.000100	       0.001668	   2.698086e-05
     512	       0.001165	       0.000337	       0.000217	       0.001761	   1.079113e-04
     256	       0.001241	       0.000301	       0.000099	       0.001683	   4.314482e-04
     128	       0.000950	       0.000261	       0.000196	       0.001448	   1.722635e-03
      64	       0.000869	       0.000225	       0.000067	       0.001201	   6.840311e-03
      32	       0.000859	       0.000186	       0.000062	       0.001149	   2.657969e-02
      16	       0.000860	       0.000153	       0.000062	       0.001117	   9.354088e-02
       8	       0.000851	       0.000117	       0.000060	       0.001069	   2.769624e-01
       4	       0.000776	       0.000082	       0.000060	       0.000960	   3.660636e-01
    8192	       0.001987	       0.000544	       0.000318	       0.002890	   5.347354e-01
    4096	       0.001128	       0.000456	       0.000119	       0.001746	   1.686363e-06
    2048	       0.001123	       0.000404	       0.000224	       0.001792	   6.745403e-06
    1024	       0.001155	       0.000369	       0.000097	       0.001664	   2.698086e-05
     512	       0.001168	       0.000331	       0.000218	       0.001760	   1.079113e-04
     256	       0.001231	       0.000297	       0.000101	       0.001670	   4.314482e-04
     128	       0.000972	       0.000261	       0.000194	       0.001470	   1.722635e-03
      64	       0.000858	       0.000224	       0.000066	       0.001189	   6.840311e-03
      32	       0.000856	       0.000188	       0.000062	       0.001147	   2.657969e-02
      16	       0.000850	       0.000152	       0.000063	       0.001105	   9.354088e-02
       8	       0.000848	       0.000120	       0.000060	       0.001069	   2.769624e-01
       4	       0.000785	       0.000084	       0.000061	       0.000972	   3.660636e-01
    8192	       0.001989	       0.000548	       0.000319	       0.002898	   5.347354e-01
    4096	       0.001129	       0.000451	       0.000120	       0.001741	   1.686363e-06
    2048	       0.001117	       0.001287	       0.000226	       0.002671	   6.745403e-06
    1024	       0.001156	       0.000370	       0.000098	       0.001666	   2.698086e-05
     512	       0.001168	       0.000334	       0.000218	       0.001762	   1.079113e-04
     256	       0.001223	       0.000297	       0.000101	       0.001662	   4.314482e-04
     128	       0.000971	       0.000260	       0.000194	       0.001468	   1.722635e-03
      64	       0.000858	       0.000224	       0.000066	       0.001188	   6.840311e-03
      32	       0.000855	       0.000188	       0.000062	       0.001147	   2.657969e-02
      16	       0.000851	       0.000150	       0.000061	       0.001104	   9.354088e-02
       8	       0.000848	       0.000120	       0.000061	       0.001068	   2.769624e-01
       4	       0.000784	       0.000085	       0.000060	       0.000970	   3.660636e-01
    8192	       0.001997	       0.000546	       0.000319	       0.002903	   5.347354e-01
    4096	       0.001134	       0.000451	       0.000121	       0.001748	   1.686363e-06
    2048	       0.001113	       0.000409	       0.000225	       0.001788	   6.745403e-06
    1024	       0.001156	       0.000372	       0.000098	       0.001667	   2.698086e-05
     512	       0.001170	       0.000337	       0.000219	       0.001768	   1.079113e-04
     256	       0.001241	       0.000299	       0.000100	       0.001681	   4.314482e-04
     128	       0.000948	       0.000261	       0.000195	       0.001445	   1.722635e-03
      64	       0.000868	       0.000224	       0.000067	       0.001199	   6.840311e-03
      32	       0.000858	       0.000187	       0.000062	       0.001148	   2.657969e-02
      16	       0.000860	       0.000154	       0.000063	       0.001118	   9.354088e-02
       8	       0.000851	       0.000116	       0.000060	       0.001067	   2.769624e-01
       4	       0.000774	       0.000084	       0.000060	       0.000960	   3.660636e-01
    8192	       0.001990	       0.000543	       0.000320	       0.002893	   5.347354e-01
    4096	       0.001130	       0.000456	       0.000120	       0.001748	   1.686363e-06
    2048	       0.001118	       0.000403	       0.000225	       0.001788	   6.745403e-06
    1024	       0.001154	       0.000369	       0.000098	       0.001661	   2.698086e-05
     512	       0.001170	       0.000333	       0.000218	       0.001764	   1.079113e-04
     256	       0.001229	       0.000299	       0.000100	       0.001669	   4.314482e-04
     128	       0.000970	       0.000261	       0.000193	       0.001465	   1.722635e-03
      64	       0.000860	       0.000223	       0.000066	       0.001190	   6.840311e-03
      32	       0.000856	       0.000187	       0.000061	       0.001146	   2.657969e-02
      16	       0.000851	       0.000152	       0.000062	       0.001104	   9.354088e-02
       8	       0.000848	       0.000119	       0.000060	       0.001068	   2.769624e-01
       4	       0.000785	       0.000084	       0.000059	       0.000969	   3.660636e-01
    8192	       0.001992	       0.000547	       0.000317	       0.002899	   5.347354e-01
    4096	       0.001132	       0.000451	       0.000121	       0.001746	   1.686363e-06
    2048	       0.001115	       0.000408	       0.000225	       0.001788	   6.745403e-06
    1024	       0.001156	       0.000371	       0.000098	       0.001667	   2.698086e-05
     512	       0.001171	       0.000338	       0.000220	       0.001771	   1.079113e-04
     256	       0.001241	       0.000300	       0.000101	       0.001682	   4.314482e-04
     128	       0.000948	       0.000261	       0.000195	       0.001446	   1.722635e-03
      64	       0.000869	       0.000224	       0.000066	       0.001199	   6.840311e-03
      32	       0.000858	       0.001079	       0.000062	       0.002041	   2.657969e-02
      16	       0.000860	       0.000152	       0.000062	       0.001117	   9.354088e-02
       8	       0.000850	       0.000118	       0.000059	       0.001068	   2.769624e-01
       4	       0.000775	       0.000083	       0.000061	       0.000959	   3.660636e-01
    8192	       0.001991	       0.000542	       0.000318	       0.002893	   5.347354e-01
    4096	       0.001127	       0.000457	       0.000122	       0.001746	   1.686363e-06
    2048	       0.001120	       0.000404	       0.000224	       0.001787	   6.745403e-06
    1024	       0.001155	       0.000370	       0.000100	       0.001666	   2.698086e-05
     512	       0.001167	       0.000333	       0.000217	       0.001757	   1.079113e-04
     256	       0.001232	       0.000298	       0.000099	       0.001672	   4.314482e-04
     128	       0.000970	       0.000260	       0.000197	       0.001468	   1.722635e-03
      64	       0.000858	       0.000225	       0.000067	       0.001191	   6.840311e-03
      32	       0.000855	       0.000189	       0.000062	       0.001147	   2.657969e-02
      16	       0.000851	       0.000152	       0.000062	       0.001106	   9.354088e-02
       8	       0.000848	       0.000118	       0.000061	       0.001069	   2.769624e-01
       4	       0.000786	       0.000083	       0.000059	       0.000969	   3.660636e-01
    8192	       0.001995	       0.000547	       0.000320	       0.002904	   5.347354e-01
    4096	       0.001131	       0.000452	       0.000121	       0.001745	   1.686363e-06
    2048	       0.001115	       0.000410	       0.000230	       0.001798	   6.745403e-06
    1024	       0.001156	       0.000371	       0.000099	       0.001666	   2.698086e-05
     512	       0.001171	       0.000338	       0.000217	       0.001768	   1.079113e-04
     256	       0.001242	       0.000299	       0.000099	       0.001682	   4.314482e-04
     128	       0.000949	       0.000260	       0.000194	       0.001445	   1.722635e-03
      64	       0.000868	       0.000224	       0.000067	       0.001198	   6.840311e-03
      32	       0.000858	       0.000186	       0.000062	       0.001148	   2.657969e-02
      16	       0.000860	       0.000152	       0.000062	       0.001116	   9.354088e-02
       8	       0.000850	       0.000116	       0.000059	       0.001068	   2.769624e-01
       4	       0.000776	       0.000083	       0.000061	       0.000960	   3.660636e-01
    8192	       0.001987	       0.000543	       0.000319	       0.002892	   5.347354e-01
    4096	       0.001131	       0.000456	       0.000120	       0.001749	   1.686363e-06
    2048	       0.001114	       0.000405	       0.000225	       0.001784	   6.745403e-06
    1024	       0.001152	       0.000370	       0.000100	       0.001664	   2.698086e-05
     512	       0.001169	       0.000332	       0.000217	       0.001760	   1.079113e-04
     256	       0.001230	       0.000297	       0.000099	       0.001668	   4.314482e-04
     128	       0.000971	       0.000260	       0.000196	       0.001468	   1.722635e-03
      64	       0.000859	       0.000224	       0.000067	       0.001192	   6.840311e-03
      32	       0.000855	       0.000188	       0.000062	       0.001146	   2.657969e-02
      16	       0.000851	       0.000151	       0.000062	       0.001105	   9.354088e-02
       8	       0.000847	       0.000118	       0.000060	       0.001066	   2.769624e-01
       4	       0.000786	       0.000083	       0.000060	       0.000968	   3.660636e-01
    8192	       0.001994	       0.000547	       0.000318	       0.002901	   5.347354e-01
    4096	       0.001134	       0.000451	       0.000121	       0.001747	   1.686363e-06
    2048	       0.001119	       0.000410	       0.000230	       0.001858	   6.745403e-06
    1024	       0.001154	       0.000371	       0.000099	       0.001665	   2.698086e-05
     512	       0.001172	       0.000337	       0.000221	       0.001770	   1.079113e-04
     256	       0.001240	       0.000299	       0.000099	       0.001680	   4.314482e-04
     128	       0.000949	       0.000261	       0.000196	       0.001449	   1.722635e-03
      64	       0.000869	       0.000225	       0.000066	       0.001200	   6.840311e-03
      32	       0.000858	       0.000187	       0.000061	       0.001149	   2.657969e-02
      16	       0.000860	       0.000153	       0.000063	       0.001117	   9.354088e-02
       8	       0.000850	       0.000118	       0.000060	       0.001068	   2.769624e-01
       4	       0.000775	       0.000082	       0.000061	       0.000959	   3.660636e-01
    6144	       0.003035	       0.001764	       0.000140	       0.004982	   9.108832e-01
    3072	       0.002833	       0.001425	       0.000113	       0.004413	   2.455317e-09
    1536	       0.002884	       0.001259	       0.000101	       0.004286	   1.964520e-08
     768	       0.002908	       0.001105	       0.000098	       0.004153	   1.572475e-07
     384	       0.003059	       0.000947	       0.000099	       0.004146	   1.260728e-06
     192	       0.002437	       0.000790	       0.000086	       0.003355	   1.017367e-05
      96	       0.002172	       0.000632	       0.000073	       0.002919	   8.420269e-05
      48	       0.002109	       0.000474	       0.000066	       0.002692	   7.647147e-04
      24	       0.002107	       0.000347	       0.000062	       0.002557	   9.261379e-03
      12	       0.002068	       0.000239	       0.000061	       0.002410	   1.420431e-01
       6	       0.001960	       0.000139	       0.000063	       0.002203	   2.100770e-01
    6144	       0.003036	       0.001764	       0.000137	       0.004981	   9.108832e-01
    3072	       0.002836	       0.001425	       0.000112	       0.004413	   2.455317e-09
    1536	       0.002889	       0.001258	       0.000103	       0.004293	   1.964520e-08
     768	       0.002903	       0.001104	       0.000097	       0.004147	   1.572475e-07
     384	       0.003060	       0.000947	       0.000097	       0.004146	   1.260728e-06
     192	       0.002437	       0.000789	       0.000087	       0.003355	   1.017367e-05
      96	       0.002172	       0.000633	       0.000070	       0.002919	   8.420269e-05
      48	       0.002111	       0.000475	       0.000067	       0.002694	   7.647147e-04
      24	       0.002107	       0.000346	       0.000063	       0.002558	   9.261379e-03
      12	       0.002069	       0.000239	       0.000062	       0.002411	   1.420431e-01
       6	       0.001960	       0.000140	       0.000063	       0.002204	   2.100770e-01
    6144	       0.003031	       0.001765	       0.000136	       0.004972	   9.108832e-01
    3072	       0.002835	       0.001424	       0.000113	       0.004414	   2.455317e-09
    1536	       0.002890	       0.001257	       0.000103	       0.004290	   1.964520e-08
     768	       0.002909	       0.001105	       0.000098	       0.004155	   1.572475e-07
     384	       0.003063	       0.000949	       0.000098	       0.004151	   1.260728e-06
     192	       0.002439	       0.000789	       0.000087	       0.003357	   1.017367e-05
      96	       0.002175	       0.000632	       0.000072	       0.002920	   8.420269e-05
      48	       0.002110	       0.000474	       0.000067	       0.002692	   7.647147e-04
      24	       0.002107	       0.000347	       0.000062	       0.002557	   9.261379e-03
      12	       0.002068	       0.000240	       0.000063	       0.002412	   1.420431e-01
       6	       0.001959	       0.000140	       0.000062	       0.002200	   2.100770e-01
    6144	       0.003023	       0.001764	       0.000136	       0.004966	   9.108832e-01
    3072	       0.002825	       0.001425	       0.000114	       0.004404	   2.455317e-09
    1536	       0.002887	       0.001257	       0.000102	       0.004287	   1.964520e-08
     768	       0.002915	       0.001108	       0.000098	       0.004209	   1.572475e-07
     384	       0.003062	       0.000948	       0.000098	       0.004149	   1.260728e-06
     192	       0.002442	       0.000791	       0.000086	       0.003362	   1.017367e-05
      96	       0.002172	       0.000633	       0.000071	       0.002917	   8.420269e-05
      48	       0.002111	       0.000474	       0.000066	       0.002694	   7.647147e-04
      24	       0.002108	       0.000346	       0.000062	       0.002558	   9.261379e-03
      12	       0.002069	       0.000240	       0.000062	       0.002412	   1.420431e-01
       6	       0.001961	       0.000140	       0.000062	       0.002205	   2.100770e-01
    6144	       0.003034	       0.002688	       0.000137	       0.005901	   9.108832e-01
    3072	       0.002840	       0.001428	       0.000112	       0.004427	   2.455317e-09
    1536	       0.002883	       0.001261	       0.000102	       0.004288	   1.964520e-08
     768	       0.002906	       0.001102	       0.000097	       0.004147	   1.572475e-07
     384	       0.003066	       0.000946	       0.000099	       0.004151	   1.260728e-06
     192	       0.002446	       0.000789	       0.000087	       0.003364	   1.017367e-05
      96	       0.002178	       0.000631	       0.000070	       0.002921	   8.420269e-05
      48	       0.002127	       0.000474	       0.000065	       0.002707	   7.647147e-04
      24	       0.002124	       0.000345	       0.000062	       0.002573	   9.261379e-03
      12	       0.002050	       0.000240	       0.000061	       0.002393	   1.420431e-01
       6	       0.001954	       0.000144	       0.000061	       0.002200	   2.100770e-01
    6144	       0.003035	       0.001769	       0.000136	       0.004982	   9.108832e-01
    3072	       0.002847	       0.001428	       0.000113	       0.004430	   2.455317e-09
    1536	       0.002879	       0.001261	       0.000102	       0.004284	   1.964520e-08
     768	       0.002916	       0.001103	       0.000097	       0.004157	   1.572475e-07
     384	       0.003061	       0.000945	       0.000098	       0.004147	   1.260728e-06
     192	       0.002444	       0.000789	       0.000086	       0.003361	   1.017367e-05
      96	       0.002178	       0.000632	       0.000070	       0.002923	   8.420269e-05
      48	       0.002127	       0.000474	       0.000066	       0.002709	   7.647147e-04
      24	       0.002125	       0.000345	       0.000062	       0.002574	   9.261379e-03
      12	       0.002052	       0.000240	       0.000062	       0.002394	   1.420431e-01
       6	       0.001954	       0.000141	       0.000061	       0.002197	   2.100770e-01
    6144	       0.003032	       0.001768	       0.000136	       0.004978	   9.108832e-01
    3072	       0.002848	       0.001429	       0.000113	       0.004433	   2.455317e-09
    1536	       0.002880	       0.001262	       0.000101	       0.004285	   1.964520e-08
     768	       0.002925	       0.001101	       0.000098	       0.004167	   1.572475e-07
     384	       0.003054	       0.000945	       0.000098	       0.004139	   1.260728e-06
     192	       0.003524	       0.002939	       0.000090	       0.006600	   1.017367e-05
      96	       0.002162	       0.000631	       0.000072	       0.002906	   8.420269e-05
      48	       0.002130	       0.000473	       0.000067	       0.002712	   7.647147e-04
      24	       0.002127	       0.000346	       0.000062	       0.002577	   9.261379e-03
      12	       0.002066	       0.000240	       0.000062	       0.002409	   1.420431e-01
       6	       0.001957	       0.000141	       0.000060	       0.002199	   2.100770e-01
    6144	       0.003033	       0.001764	       0.000136	       0.004975	   9.108832e-01
    3072	       0.002850	       0.001425	       0.000112	       0.004429	   2.455317e-09
    1536	       0.002885	       0.001262	       0.000101	       0.004289	   1.964520e-08
     768	       0.002917	       0.001102	       0.000098	       0.004158	   1.572475e-07
     384	       0.003047	       0.000945	       0.000098	       0.004131	   1.260728e-06
     192	       0.002424	       0.000792	       0.000089	       0.003421	   1.017367e-05
      96	       0.002157	       0.000632	       0.000071	       0.002902	   8.420269e-05
      48	       0.002131	       0.000473	       0.000068	       0.002714	   7.647147e-04
      24	       0.002128	       0.000346	       0.000062	       0.002579	   9.261379e-03
      12	       0.002066	       0.000241	       0.000062	       0.002410	   1.420431e-01
       6	       0.001958	       0.000141	       0.000061	       0.002199	   2.100770e-01
    6144	       0.003029	       0.001765	       0.000137	       0.004973	   9.108832e-01
    3072	       0.002848	       0.001424	       0.000112	       0.004427	   2.455317e-09
    1536	       0.002889	       0.001263	       0.000103	       0.004300	   1.964520e-08
     768	       0.005123	       0.003183	       0.000987	       0.009342	   1.572475e-07
     384	       0.004160	       0.003098	       0.002140	       0.009439	   1.260728e-06
     192	       0.002443	       0.000788	       0.000087	       0.003359	   1.017367e-05
      96	       0.002177	       0.000632	       0.000071	       0.002923	   8.420269e-05
      48	       0.002126	       0.000474	       0.000066	       0.002708	   7.647147e-04
      24	       0.002121	       0.000347	       0.000063	       0.002571	   9.261379e-03
      12	       0.002072	       0.000239	       0.000062	       0.002414	   1.420431e-01
       6	       0.001940	       0.000141	       0.000061	       0.002181	   2.100770e-01
    6144	       0.003027	       0.001768	       0.000138	       0.004975	   9.108832e-01
    3072	       0.002833	       0.001428	       0.000114	       0.004417	   2.455317e-09
    1536	       0.002885	       0.001257	       0.000103	       0.004287	   1.964520e-08
     768	       0.002919	       0.001099	       0.000099	       0.004158	   1.572475e-07
     384	       0.003055	       0.000948	       0.000098	       0.004142	   1.260728e-06
     192	       0.002440	       0.000790	       0.000087	       0.003359	   1.017367e-05
      96	       0.002175	       0.000631	       0.000072	       0.002921	   8.420269e-05
      48	       0.002125	       0.000475	       0.000066	       0.002716	   7.647147e-04
      24	       0.002121	       0.000348	       0.000062	       0.002581	   9.261379e-03
      12	       0.002072	       0.000239	       0.000062	       0.002415	   1.420431e-01
       6	       0.001940	       0.000141	       0.000061	       0.002183	   2.100770e-01
    6144	       0.003025	       0.001769	       0.000138	       0.004974	   9.108832e-01
    3072	       0.002841	       0.001429	       0.000115	       0.004426	   2.455317e-09
    1536	       0.002885	       0.002182	       0.000101	       0.005211	   1.964520e-08
     768	       0.002911	       0.001102	       0.000097	       0.004151	   1.572475e-07
     384	       0.003040	       0.000946	       0.000097	       0.004124	   1.260728e-06
     192	       0.002428	       0.000790	       0.000086	       0.003346	   1.017367e-05
      96	       0.002159	       0.000632	       0.000070	       0.002903	   8.420269e-05
      48	       0.002130	       0.000474	       0.000066	       0.002712	   7.647147e-04
      24	       0.002128	       0.000345	       0.000062	       0.002578	   9.261379e-03
      12	       0.002066	       0.000241	       0.000063	       0.002411	   1.420431e-01
       6	       0.001956	       0.000141	       0.000062	       0.002199	   2.100770e-01
    6144	       0.003036	       0.001765	       0.000136	       0.004978	   9.108832e-01
    3072	       0.002846	       0.001424	       0.000113	       0.004426	   2.455317e-09
    1536	       0.002887	       0.001263	       0.000102	       0.004293	   1.964520e-08
     768	       0.002912	       0.001103	       0.000098	       0.004155	   1.572475e-07
     384	       0.003051	       0.000945	       0.000096	       0.004134	   1.260728e-06
     192	       0.002427	       0.000789	       0.000088	       0.003346	   1.017367e-05
      96	       0.002158	       0.000633	       0.000072	       0.002903	   8.420269e-05
      48	       0.002130	       0.000475	       0.000067	       0.002784	   7.647147e-04
      24	       0.002127	       0.000345	       0.000063	       0.002577	   9.261379e-03
      12	       0.002066	       0.000241	       0.000063	       0.002411	   1.420431e-01
       6	       0.001956	       0.000141	       0.000063	       0.002203	   2.100770e-01
    6144	       0.003042	       0.001764	       0.000137	       0.004986	   9.108832e-01
    3072	       0.002850	       0.001425	       0.000113	       0.004430	   2.455317e-09
    1536	       0.002889	       0.001261	       0.000101	       0.004293	   1.964520e-08
     768	       0.002910	       0.001101	       0.000098	       0.004150	   1.572475e-07
     384	       0.003040	       0.000946	       0.000099	       0.004126	   1.260728e-06
     192	       0.002424	       0.000789	       0.000087	       0.003343	   1.017367e-05
      96	       0.002159	       0.000632	       0.000073	       0.002905	   8.420269e-05
      48	       0.002132	       0.000473	       0.000067	       0.002714	   7.647147e-04
      24	       0.002128	       0.000346	       0.000063	       0.002578	   9.261379e-03
      12	       0.002066	       0.000241	       0.000061	       0.002409	   1.420431e-01
       6	       0.001956	       0.000141	       0.000062	       0.002200	   2.100770e-01
    6144	       0.003031	       0.001766	       0.000136	       0.004974	   9.108832e-01
    3072	       0.002855	       0.001424	       0.000111	       0.004432	   2.455317e-09
    1536	       0.002887	       0.001262	       0.000101	       0.004292	   1.964520e-08
     768	       0.002915	       0.001103	       0.000098	       0.004158	   1.572475e-07
     384	       0.003044	       0.000945	       0.000099	       0.004129	   1.260728e-06
     192	       0.002426	       0.000789	       0.000086	       0.003341	   1.017367e-05
      96	       0.002158	       0.000634	       0.000070	       0.002903	   8.420269e-05
      48	       0.002130	       0.000474	       0.000066	       0.002711	   7.647147e-04
      24	       0.002127	       0.000345	       0.000062	       0.002577	   9.261379e-03
      12	       0.002067	       0.000241	       0.000061	       0.002410	   1.420431e-01
       6	       0.001956	       0.000141	       0.000060	       0.002199	   2.100770e-01
    6144	       0.003032	       0.001765	       0.000137	       0.004976	   9.108832e-01
    3072	       0.002856	       0.001425	       0.000111	       0.004435	   2.455317e-09
    1536	       0.002893	       0.001262	       0.000102	       0.004298	   1.964520e-08
     768	       0.002919	       0.001102	       0.000098	       0.004160	   1.572475e-07
     384	       0.003037	       0.000945	       0.000097	       0.004122	   1.260728e-06
     192	       0.002431	       0.000789	       0.000088	       0.003349	   1.017367e-05
      96	       0.002161	       0.000632	       0.000071	       0.002905	   8.420269e-05
      48	       0.002131	       0.000473	       0.000067	       0.002712	   7.647147e-04
      24	       0.002127	       0.000346	       0.000062	       0.002576	   9.261379e-03
      12	       0.002066	       0.000240	       0.000061	       0.002408	   1.420431e-01
       6	       0.001958	       0.000142	       0.000062	       0.002202	   2.100770e-01
    6144	       0.003037	       0.001766	       0.000136	       0.004982	   9.108832e-01
    3072	       0.002850	       0.001425	       0.000113	       0.004430	   2.455317e-09
    1536	       0.002883	       0.001261	       0.000100	       0.004286	   1.964520e-08
     768	       0.002913	       0.001103	       0.000098	       0.004155	   1.572475e-07
     384	       0.003037	       0.000946	       0.000098	       0.004123	   1.260728e-06
     192	       0.002426	       0.000789	       0.000088	       0.003344	   1.017367e-05
      96	       0.002161	       0.000632	       0.000071	       0.002905	   8.420269e-05
      48	       0.002130	       0.000474	       0.000066	       0.002712	   7.647147e-04
      24	       0.002128	       0.000346	       0.000062	       0.002577	   9.261379e-03
      12	       0.002067	       0.000242	       0.000062	       0.002466	   1.420431e-01
       6	       0.001956	       0.000140	       0.000061	       0.002198	   2.100770e-01
    6144	       0.003049	       0.001764	       0.000137	       0.004993	   9.108832e-01
    3072	       0.002850	       0.001425	       0.000113	       0.004431	   2.455317e-09
    1536	       0.002888	       0.001262	       0.000101	       0.004292	   1.964520e-08
     768	       0.002913	       0.001102	       0.000099	       0.004156	   1.572475e-07
     384	       0.003046	       0.000944	       0.000098	       0.004131	   1.260728e-06
     192	       0.002428	       0.000789	       0.000086	       0.003346	   1.017367e-05
      96	       0.002159	       0.000632	       0.000072	       0.002909	   8.420269e-05
      48	       0.002129	       0.000473	       0.000066	       0.002711	   7.647147e-04
      24	       0.002127	       0.001240	       0.000062	       0.003471	   9.261379e-03
      12	       0.002064	       0.000241	       0.000062	       0.002409	   1.420431e-01
       6	       0.001955	       0.000141	       0.000061	       0.002199	   2.100770e-01
    6144	       0.003032	       0.001762	       0.000137	       0.004972	   9.108832e-01
    3072	       0.002841	       0.001423	       0.000112	       0.004419	   2.455317e-09
    1536	       0.002885	       0.001264	       0.000101	       0.004293	   1.964520e-08
     768	       0.002911	       0.001100	       0.000098	       0.004151	   1.572475e-07
     384	       0.003052	       0.000946	       0.000099	       0.004139	   1.260728e-06
     192	       0.002434	       0.000790	       0.000087	       0.003353	   1.017367e-05
      96	       0.002168	       0.000631	       0.000071	       0.002911	   8.420269e-05
      48	       0.002142	       0.000474	       0.000066	       0.002722	   7.647147e-04
      24	       0.002138	       0.000345	       0.000063	       0.002587	   9.261379e-03
      12	       0.002064	       0.000241	       0.000062	       0.002408	   1.420431e-01
       6	       0.001955	       0.000141	       0.000061	       0.002198	   2.100770e-01
    6144	       0.003018	       0.001764	       0.000136	       0.004960	   9.108832e-01
    3072	       0.002846	       0.001423	       0.000111	       0.004420	   2.455317e-09
    1536	       0.002881	       0.001264	       0.000101	       0.004288	   1.964520e-08
     768	       0.002912	       0.001100	       0.000097	       0.004152	   1.572475e-07
     384	       0.003051	       0.000945	       0.000098	       0.004136	   1.260728e-06
     192	       0.002439	       0.000790	       0.000088	       0.003358	   1.017367e-05
      96	       0.002170	       0.000631	       0.000070	       0.002914	   8.420269e-05
      48	       0.002141	       0.000475	       0.000066	       0.002725	   7.647147e-04
      24	       0.002138	       0.000346	       0.000062	       0.002586	   9.261379e-03
      12	       0.002064	       0.000241	       0.000061	       0.002408	   1.420431e-01
       6	       0.001954	       0.000141	       0.000062	       0.002199	   2.100770e-01
    6144	       0.003026	       0.001763	       0.000138	       0.004968	   9.108832e-01
    3072	       0.002854	       0.001422	       0.000113	       0.004431	   2.455317e-09
    1536	       0.002886	       0.001263	       0.000101	       0.004292	   1.964520e-08
     768	       0.002914	       0.001102	       0.000096	       0.004156	   1.572475e-07
     384	       0.003053	       0.000945	       0.000097	       0.004138	   1.260728e-06
     192	       0.002435	       0.000790	       0.000088	       0.003354	   1.017367e-05
      96	       0.002171	       0.000631	       0.000071	       0.002914	   8.420269e-05
      48	       0.002141	       0.000473	       0.000066	       0.002721	   7.647147e-04
      24	       0.002139	       0.000345	       0.000062	       0.002587	   9.261379e-03
      12	       0.002064	       0.000240	       0.000061	       0.002407	   1.420431e-01
       6	       0.001956	       0.000141	       0.000061	       0.002197	   2.100770e-01
    8192	       0.006469	       0.003528	       0.000322	       0.010413	   4.856158e+00
    4096	       0.005575	       0.002704	       0.000122	       0.008444	   3.969849e-01
    2048	       0.005634	       0.002168	       0.000227	       0.008072	   2.466160e-11
    1024	       0.005684	       0.001918	       0.000098	       0.007745	   3.822234e-10
     512	       0.005922	       0.001675	       0.000219	       0.007859	   6.122124e-09
     256	       0.004779	       0.001434	       0.000102	       0.006359	   9.857940e-08
     128	       0.005227	       0.002278	       0.002289	       0.009840	   1.623987e-06
      64	       0.004130	       0.000936	       0.000069	       0.005177	   2.920175e-05
      32	       0.004078	       0.000695	       0.000062	       0.004876	   6.965047e-04
      16	       0.003990	       0.000470	       0.000061	       0.004562	   3.468005e-02
       8	       0.003890	       0.000243	       0.000061	       0.004235	   1.774340e-01
    8192	       0.006395	       0.003516	       0.000322	       0.010276	   4.856158e+00
    4096	       0.005608	       0.002697	       0.000120	       0.008470	   3.969849e-01
    2048	       0.005639	       0.002176	       0.000224	       0.008082	   2.466160e-11
    1024	       0.005683	       0.001917	       0.000098	       0.007741	   3.822234e-10
     512	       0.005917	       0.001670	       0.000218	       0.007847	   6.122124e-09
     256	       0.004778	       0.001429	       0.000101	       0.006348	   9.857940e-08
     128	       0.004269	       0.001179	       0.000194	       0.005685	   1.623987e-06
      64	       0.005052	       0.000934	       0.000067	       0.006094	   2.920175e-05
      32	       0.004080	       0.000693	       0.000062	       0.004877	   6.965047e-04
      16	       0.003988	       0.000469	       0.000062	       0.004561	   3.468005e-02
       8	       0.003888	       0.000243	       0.000060	       0.004234	   1.774340e-01
    8192	       0.006428	       0.005723	       0.002400	       0.014595	   4.856158e+00
    4096	       0.005577	       0.004882	       0.002278	       0.012784	   3.969849e-01
    2048	       0.005644	       0.003263	       0.002355	       0.011307	   2.466160e-11
    1024	       0.005689	       0.003010	       0.002255	       0.011004	   3.822234e-10
     512	       0.013613	       0.003842	       0.002351	       0.019855	   6.122124e-09
     256	       0.004775	       0.001425	       0.000099	       0.006342	   9.857940e-08
     128	       0.004267	       0.001181	       0.000197	       0.005689	   1.623987e-06
      64	       0.004131	       0.000933	       0.000067	       0.005174	   2.920175e-05
      32	       0.004078	       0.000693	       0.000061	       0.004875	   6.965047e-04
      16	       0.003988	       0.000469	       0.000062	       0.004561	   3.468005e-02
       8	       0.003888	       0.000244	       0.000060	       0.004233	   1.774340e-01
    8192	       0.007343	       0.004615	       0.002406	       0.014412	   4.856158e+00
    4096	       0.006590	       0.002695	       0.000122	       0.009453	   3.969849e-01
    2048	       0.011147	       0.004187	       0.000232	       0.015612	   2.466160e-11
    1024	       0.011197	       0.003937	       0.000101	       0.015280	   3.822234e-10
     512	       0.011416	       0.003688	       0.001051	       0.016201	   6.122124e-09
     256	       0.011353	       0.002364	       0.000102	       0.013862	   9.857940e-08
     128	       0.007577	       0.003341	       0.002152	       0.013116	   1.623987e-06
      64	       0.004130	       0.003109	       0.002219	       0.009503	   2.920175e-05
      32	       0.004081	       0.000694	       0.000062	       0.004880	   6.965047e-04
      16	       0.008395	       0.001531	       0.002237	       0.012215	   3.468005e-02
       8	       0.003893	       0.000244	       0.000062	       0.004243	   1.774340e-01
    8192	       0.013035	       0.006726	       0.002181	       0.021998	   4.856158e+00
    4096	       0.006575	       0.005966	       0.002152	       0.014741	   3.969849e-01
    2048	       0.006626	       0.004326	       0.002319	       0.013402	   2.466160e-11
    1024	       0.005670	       0.004096	       0.002256	       0.012067	   3.822234e-10
     512	       0.005919	       0.002647	       0.002324	       0.010932	   6.122124e-09
     256	       0.004784	       0.001425	       0.000100	       0.006351	   9.857940e-08
     128	       0.008557	       0.003230	       0.000196	       0.012027	   1.623987e-06
      64	       0.004132	       0.000932	       0.002079	       0.007184	   2.920175e-05
      32	       0.004084	       0.000695	       0.000063	       0.004884	   6.965047e-04
      16	       0.003991	       0.000469	       0.000063	       0.004571	   3.468005e-02
       8	       0.004972	       0.001309	       0.002228	       0.008554	   1.774340e-01
    8192	       0.011768	       0.003454	       0.000321	       0.015587	   4.856158e+00
    4096	       0.005592	       0.002698	       0.000120	       0.008453	   3.969849e-01
    2048	       0.005633	       0.002174	       0.000226	       0.008076	   2.466160e-11
    1024	       0.005672	       0.001925	       0.000100	       0.007738	   3.822234e-10
     512	       0.005920	       0.001668	       0.000217	       0.007846	   6.122124e-09
     256	       0.004769	       0.001430	       0.000100	       0.006343	   9.857940e-08
     128	       0.004270	       0.001180	       0.000195	       0.005687	   1.623987e-06
      64	       0.004132	       0.000932	       0.000068	       0.005173	   2.920175e-05
      32	       0.004080	       0.000694	       0.000062	       0.004877	   6.965047e-04
      16	       0.003990	       0.000468	       0.000062	       0.004561	   3.468005e-02
       8	       0.003890	       0.000242	       0.000061	       0.004235	   1.774340e-01
    8192	       0.006424	       0.003521	       0.000321	       0.010309	   4.856158e+00
    4096	       0.005585	       0.002692	       0.000122	       0.008442	   3.969849e-01
    2048	       0.006575	       0.002169	       0.000227	       0.009014	   2.466160e-11
    1024	       0.006788	       0.004070	       0.002166	       0.013073	   3.822234e-10
     512	       0.005923	       0.001669	       0.000218	       0.007853	   6.122124e-09
     256	       0.004777	       0.001429	       0.000100	       0.006346	   9.857940e-08
     128	       0.004271	       0.001180	       0.000193	       0.005687	   1.623987e-06
      64	       0.004131	       0.000934	       0.000068	       0.005175	   2.920175e-05
      32	       0.004081	       0.000694	       0.000062	       0.004879	   6.965047e-04
      16	       0.003990	       0.000469	       0.000062	       0.004562	   3.468005e-02
       8	       0.003890	       0.000242	       0.000061	       0.004234	   1.774340e-01
    8192	       0.006425	       0.003520	       0.000322	       0.010311	   4.856158e+00
    4096	       0.005588	       0.002694	       0.000122	       0.008446	   3.969849e-01
    2048	       0.005624	       0.002172	       0.000225	       0.008063	   2.466160e-11
    1024	       0.005680	       0.001922	       0.000098	       0.007742	   3.822234e-10
     512	       0.005926	       0.001679	       0.000219	       0.007867	   6.122124e-09
     256	       0.004777	       0.001423	       0.000100	       0.006342	   9.857940e-08
     128	       0.004270	       0.001180	       0.000196	       0.005689	   1.623987e-06
      64	       0.004131	       0.000934	       0.000066	       0.005172	   2.920175e-05
      32	       0.004081	       0.000695	       0.000063	       0.004880	   6.965047e-04
      16	       0.003991	       0.000469	       0.000062	       0.004563	   3.468005e-02
       8	       0.003888	       0.000244	       0.000061	       0.004234	   1.774340e-01
    8192	       0.006444	       0.003528	       0.000320	       0.010335	   4.856158e+00
    4096	       0.005573	       0.002694	       0.000125	       0.008442	   3.969849e-01
    2048	       0.005641	       0.003274	       0.002332	       0.011293	   2.466160e-11
    1024	       0.005691	       0.003020	       0.002246	       0.011005	   3.822234e-10
     512	       0.012479	       0.003585	       0.001091	       0.017273	   6.122124e-09
     256	       0.010187	       0.001432	       0.000102	       0.011770	   9.857940e-08
     128	       0.004269	       0.001180	       0.000199	       0.005692	   1.623987e-06
      64	       0.004132	       0.000933	       0.000066	       0.005173	   2.920175e-05
      32	       0.004077	       0.000693	       0.000062	       0.004874	   6.965047e-04
      16	       0.003988	       0.000469	       0.000062	       0.004563	   3.468005e-02
       8	       0.003889	       0.000243	       0.000060	       0.004233	   1.774340e-01
    8192	       0.006420	       0.003526	       0.000320	       0.010309	   4.856158e+00
    4096	       0.005574	       0.002694	       0.000121	       0.008432	   3.969849e-01
    2048	       0.005634	       0.002172	       0.000227	       0.008078	   2.466160e-11
    1024	       0.005681	       0.001925	       0.000098	       0.007746	   3.822234e-10
     512	       0.006849	       0.001676	       0.000220	       0.008788	   6.122124e-09
     256	       0.004787	       0.001431	       0.000101	       0.006361	   9.857940e-08
     128	       0.004271	       0.001179	       0.000195	       0.005689	   1.623987e-06
      64	       0.004132	       0.000933	       0.000066	       0.005174	   2.920175e-05
      32	       0.004078	       0.000697	       0.000063	       0.004881	   6.965047e-04
      16	       0.003989	       0.000470	       0.000062	       0.004563	   3.468005e-02
       8	       0.003888	       0.000243	       0.000060	       0.004234	   1.774340e-01
    8192	       0.006429	       0.003519	       0.000321	       0.010314	   4.856158e+00
    4096	       0.005584	       0.002698	       0.000121	       0.008446	   3.969849e-01
    2048	       0.005640	       0.002172	       0.000225	       0.008081	   2.466160e-11
    1024	       0.005667	       0.001925	       0.000100	       0.007733	   3.822234e-10
     512	       0.005920	       0.001668	       0.000218	       0.007848	   6.122124e-09
     256	       0.004783	       0.001428	       0.000099	       0.006353	   9.857940e-08
     128	       0.004271	       0.001179	       0.000193	       0.005687	   1.623987e-06
      64	       0.004131	       0.000933	       0.000067	       0.005172	   2.920175e-05
      32	       0.004081	       0.000694	       0.000064	       0.004882	   6.965047e-04
      16	       0.003990	       0.000469	       0.000061	       0.004562	   3.468005e-02
       8	       0.003890	       0.000242	       0.000061	       0.004235	   1.774340e-01
    8192	       0.006431	       0.003521	       0.000318	       0.010314	   4.856158e+00
    4096	       0.005593	       0.002694	       0.000120	       0.008451	   3.969849e-01
    2048	       0.005631	       0.002172	       0.000231	       0.008077	   2.466160e-11
    1024	       0.005675	       0.001923	       0.000098	       0.007739	   3.822234e-10
     512	       0.005923	       0.001678	       0.000219	       0.007863	   6.122124e-09
     256	       0.004784	       0.001424	       0.000100	       0.006350	   9.857940e-08
     128	       0.004272	       0.001180	       0.000196	       0.005690	   1.623987e-06
      64	       0.004132	       0.000933	       0.000068	       0.005175	   2.920175e-05
      32	       0.004080	       0.000694	       0.000062	       0.004877	   6.965047e-04
      16	       0.003991	       0.000469	       0.000061	       0.004562	   3.468005e-02
       8	       0.003888	       0.000243	       0.000063	       0.004235	   1.774340e-01
    8192	       0.006426	       0.003527	       0.000319	       0.010316	   4.856158e+00
    4096	       0.005566	       0.002694	       0.000121	       0.008423	   3.969849e-01
    2048	       0.005640	       0.002168	       0.000224	       0.008074	   2.466160e-11
    1024	       0.005658	       0.001920	       0.000098	       0.007719	   3.822234e-10
     512	       0.005914	       0.001677	       0.000219	       0.007852	   6.122124e-09
     256	       0.004776	       0.001429	       0.000099	       0.006347	   9.857940e-08
     128	       0.004273	       0.001181	       0.000199	       0.005767	   1.623987e-06
      64	       0.004132	       0.000932	       0.000066	       0.005172	   2.920175e-05
      32	       0.004079	       0.000696	       0.000063	       0.004881	   6.965047e-04
      16	       0.003992	       0.000469	       0.000062	       0.004565	   3.468005e-02
       8	       0.003887	       0.000245	       0.000060	       0.004234	   1.774340e-01
    8192	       0.006464	       0.004613	       0.002432	       0.013557	   4.856158e+00
    4096	       0.005581	       0.003783	       0.002278	       0.011686	   3.969849e-01
    2048	       0.011067	       0.004307	       0.002332	       0.017756	   2.466160e-11
    1024	       0.011110	       0.003014	       0.002254	       0.016422	   3.822234e-10
     512	       0.005922	       0.001668	       0.000221	       0.007855	   6.122124e-09
     256	       0.004779	       0.001429	       0.000100	       0.006353	   9.857940e-08
     128	       0.004272	       0.001180	       0.000195	       0.005689	   1.623987e-06
      64	       0.004132	       0.000932	       0.000066	       0.005172	   2.920175e-05
      32	       0.004080	       0.000694	       0.000063	       0.004879	   6.965047e-04
      16	       0.003991	       0.000467	       0.000061	       0.004561	   3.468005e-02
       8	       0.003891	       0.000242	       0.000061	       0.004236	   1.774340e-01
    8192	       0.006425	       0.003520	       0.000325	       0.010312	   4.856158e+00
    4096	       0.005601	       0.002695	       0.000120	       0.008459	   3.969849e-01
    2048	       0.005643	       0.002173	       0.000229	       0.008088	   2.466160e-11
    1024	       0.005671	       0.001921	       0.000099	       0.007736	   3.822234e-10
     512	       0.005919	       0.001677	       0.000218	       0.007856	   6.122124e-09
     256	       0.004781	       0.001425	       0.000102	       0.006351	   9.857940e-08
     128	       0.004266	       0.001180	       0.000196	       0.005685	   1.623987e-06
      64	       0.004131	       0.000933	       0.000067	       0.005174	   2.920175e-05
      32	       0.004079	       0.000694	       0.000063	       0.004878	   6.965047e-04
      16	       0.003988	       0.000497	       0.000064	       0.004593	   3.468005e-02
       8	       0.003888	       0.000243	       0.000060	       0.004233	   1.774340e-01
    8192	       0.006436	       0.003528	       0.000335	       0.010343	   4.856158e+00
    4096	       0.006672	       0.005956	       0.002277	       0.014951	   3.969849e-01
    2048	       0.005624	       0.002168	       0.000225	       0.008060	   2.466160e-11
    1024	       0.005669	       0.001922	       0.000099	       0.007732	   3.822234e-10
     512	       0.005925	       0.001679	       0.000219	       0.007866	   6.122124e-09
     256	       0.004778	       0.001429	       0.000100	       0.006348	   9.857940e-08
     128	       0.004271	       0.001179	       0.000206	       0.005698	   1.623987e-06
      64	       0.004130	       0.000935	       0.000066	       0.005174	   2.920175e-05
      32	       0.004078	       0.000694	       0.000062	       0.004878	   6.965047e-04
      16	       0.003990	       0.000469	       0.000062	       0.004562	   3.468005e-02
       8	       0.003888	       0.000243	       0.000061	       0.004234	   1.774340e-01
    8192	       0.006420	       0.003519	       0.000319	       0.010299	   4.856158e+00
    4096	       0.006522	       0.002693	       0.000123	       0.009382	   3.969849e-01
    2048	       0.005633	       0.002173	       0.000225	       0.008075	   2.466160e-11
    1024	       0.005687	       0.001924	       0.000098	       0.007750	   3.822234e-10
     512	       0.005918	       0.001676	       0.000219	       0.007856	   6.122124e-09
     256	       0.004782	       0.001423	       0.000100	       0.006348	   9.857940e-08
     128	       0.004272	       0.001180	       0.000196	       0.005691	   1.623987e-06
      64	       0.004130	       0.000932	       0.000066	       0.005171	   2.920175e-05
      32	       0.004081	       0.000694	       0.000065	       0.004962	   6.965047e-04
      16	       0.003989	       0.000470	       0.000062	       0.004562	   3.468005e-02
       8	       0.003889	       0.000244	       0.000061	       0.004237	   1.774340e-01
    8192	       0.006419	       0.003527	       0.000319	       0.010309	   4.856158e+00
    4096	       0.005577	       0.002695	       0.000122	       0.008438	   3.969849e-01
    2048	       0.005633	       0.002168	       0.000225	       0.008070	   2.466160e-11
    1024	       0.005674	       0.001922	       0.000098	       0.007737	   3.822234e-10
     512	       0.005926	       0.001676	       0.000221	       0.007865	   6.122124e-09
     256	       0.004784	       0.001428	       0.000100	       0.006354	   9.857940e-08
     128	       0.004269	       0.001180	       0.000218	       0.005709	   1.623987e-06
      64	       0.004133	       0.000931	       0.000069	       0.005175	   2.920175e-05
      32	       0.004078	       0.000694	       0.000061	       0.004875	   6.965047e-04
      16	       0.003992	       0.000470	       0.000062	       0.004564	   3.468005e-02
       8	       0.003889	       0.000243	       0.000061	       0.004233	   1.774340e-01
    8192	       0.006450	       0.003524	       0.000317	       0.010334	   4.856158e+00
    4096	       0.005599	       0.002702	       0.000120	       0.008465	   3.969849e-01
    2048	       0.005636	       0.002167	       0.000227	       0.008073	   2.466160e-11
    1024	       0.005680	       0.001915	       0.000098	       0.007735	   3.822234e-10
     512	       0.005920	       0.001678	       0.000219	       0.007858	   6.122124e-09
     256	       0.004772	       0.001431	       0.000100	       0.006345	   9.857940e-08
     128	       0.004272	       0.001179	       0.000197	       0.005693	   1.623987e-06
      64	       0.004130	       0.000934	       0.000065	       0.005173	   2.920175e-05
      32	       0.004080	       0.000695	       0.000062	       0.004879	   6.965047e-04
      16	       0.003989	       0.000468	       0.000061	       0.004560	   3.468005e-02
       8	       0.003888	       0.000242	       0.000061	       0.004233	   1.774340e-01
    8192	       0.006411	       0.003520	       0.000320	       0.010295	   4.856158e+00
    4096	       0.005601	       0.002698	       0.000121	       0.008463	   3.969849e-01
    2048	       0.005626	       0.002177	       0.000227	       0.008072	   2.466160e-11
    1024	       0.005671	       0.001919	       0.000098	       0.007730	   3.822234e-10
     512	       0.005922	       0.001671	       0.000217	       0.007853	   6.122124e-09
     256	       0.004782	       0.001428	       0.000099	       0.006351	   9.857940e-08
     128	       0.004270	       0.001180	       0.000195	       0.005686	   1.623987e-06
      64	       0.004131	       0.000934	       0.000067	       0.005175	   2.920175e-05
      32	       0.005004	       0.000696	       0.000063	       0.005805	   6.965047e-04
      16	       0.003989	       0.000468	       0.000063	       0.004562	   3.468005e-02
       8	       0.003887	       0.000244	       0.000061	       0.004233	   1.774340e-01
    5120	       0.009709	       0.008398	       0.000131	       0.018282	   1.614208e+00
    2560	       0.009710	       0.006334	       0.000107	       0.016195	   2.771148e-01
    1280	       0.013024	       0.004995	       0.000105	       0.018176	   1.009357e-12
     640	       0.010099	       0.004221	       0.000097	       0.014461	   2.683834e-11
     320	       0.008180	       0.003518	       0.000098	       0.011838	   8.654163e-10
     160	       0.007380	       0.002828	       0.000081	       0.010333	   2.854364e-08
      80	       0.007026	       0.002141	       0.000072	       0.009282	   1.022364e-06
      40	       0.006924	       0.001438	       0.000065	       0.008470	   4.715233e-05
      20	       0.006770	       0.000888	       0.000061	       0.007761	   3.839289e-03
      10	       0.006529	       0.000399	       0.000062	       0.007032	   1.853738e-01
    5120	       0.009669	       0.008386	       0.000130	       0.018294	   1.614208e+00
    2560	       0.009714	       0.006324	       0.000111	       0.016194	   2.771148e-01
    1280	       0.009745	       0.004918	       0.000100	       0.014807	   1.009357e-12
     640	       0.010101	       0.004215	       0.000098	       0.014457	   2.683834e-11
     320	       0.008166	       0.003521	       0.000099	       0.011830	   8.654163e-10
     160	       0.007366	       0.002830	       0.000080	       0.010319	   2.854364e-08
      80	       0.007038	       0.002137	       0.000070	       0.009290	   1.022364e-06
      40	       0.006920	       0.001441	       0.002052	       0.010458	   4.715233e-05
      20	       0.006786	       0.000888	       0.000063	       0.007779	   3.839289e-03
      10	       0.006522	       0.000401	       0.000061	       0.007026	   1.853738e-01
    5120	       0.009705	       0.009329	       0.001968	       0.021048	   1.614208e+00
    2560	       0.010630	       0.008294	       0.001010	       0.019982	   2.771148e-01
    1280	       0.014639	       0.004916	       0.000104	       0.019708	   1.009357e-12
     640	       0.012907	       0.004217	       0.000098	       0.017267	   2.683834e-11
     320	       0.008161	       0.004617	       0.002269	       0.015095	   8.654163e-10
     160	       0.017057	       0.002844	       0.000087	       0.020048	   2.854364e-08
      80	       0.015840	       0.004316	       0.001821	       0.022206	   1.022364e-06
      40	       0.011361	       0.002511	       0.002240	       0.016159	   4.715233e-05
      20	       0.011226	       0.001955	       0.002237	       0.015467	   3.839289e-03
      10	       0.016498	       0.001469	       0.002235	       0.020247	   1.853738e-01
    5120	       0.018557	       0.011493	       0.002292	       0.032394	   1.614208e+00
    2560	       0.012866	       0.009575	       0.001084	       0.023580	   2.771148e-01
    1280	       0.017445	       0.007164	       0.002119	       0.026779	   1.009357e-12
     640	       0.013802	       0.005309	       0.002269	       0.021429	   2.683834e-11
     320	       0.013708	       0.005527	       0.000103	       0.019384	   8.654163e-10
     160	       0.010665	       0.004988	       0.002236	       0.017935	   2.854364e-08
      80	       0.011433	       0.004289	       0.001960	       0.017727	   1.022364e-06
      40	       0.014540	       0.001445	       0.000065	       0.016093	   4.715233e-05
      20	       0.006784	       0.001773	       0.001892	       0.010490	   3.839289e-03
      10	       0.017618	       0.001465	       0.002237	       0.021368	   1.853738e-01
    5120	       0.009690	       0.008401	       0.000130	       0.018266	   1.614208e+00
    2560	       0.009721	       0.007255	       0.001938	       0.018957	   2.771148e-01
    1280	       0.009732	       0.004919	       0.000099	       0.014793	   1.009357e-12
     640	       0.010092	       0.004202	       0.000099	       0.014435	   2.683834e-11
     320	       0.011893	       0.003529	       0.000099	       0.015565	   8.654163e-10
     160	       0.007379	       0.002834	       0.000085	       0.010342	   2.854364e-08
      80	       0.014630	       0.005361	       0.001655	       0.028860	   1.022364e-06
      40	       0.006943	       0.001445	       0.000067	       0.008500	   4.715233e-05
      20	       0.006777	       0.000884	       0.000062	       0.007765	   3.839289e-03
      10	       0.010264	       0.000401	       0.000063	       0.010770	   1.853738e-01
    5120	       0.015661	       0.008395	       0.000132	       0.024238	   1.614208e+00
    2560	       0.013441	       0.007420	       0.002163	       0.023069	   2.771148e-01
    1280	       0.009740	       0.004917	       0.000099	       0.014799	   1.009357e-12
     640	       0.013820	       0.005309	       0.002152	       0.021327	   2.683834e-11
     320	       0.008201	       0.003521	       0.000100	       0.011865	   8.654163e-10
     160	       0.008298	       0.004654	       0.000974	       0.013968	   2.854364e-08
      80	       0.007034	       0.004287	       0.000948	       0.012394	   1.022364e-06
      40	       0.006940	       0.001442	       0.000067	       0.008493	   4.715233e-05
      20	       0.006778	       0.000886	       0.000062	       0.007768	   3.839289e-03
      10	       0.010268	       0.000400	       0.000062	       0.010772	   1.853738e-01
    5120	       0.009689	       0.008389	       0.000127	       0.018249	   1.614208e+00
    2560	       0.009712	       0.008189	       0.001911	       0.019855	   2.771148e-01
    1280	       0.009740	       0.004919	       0.000103	       0.014806	   1.009357e-12
     640	       0.016656	       0.006359	       0.001960	       0.025025	   2.683834e-11
     320	       0.009121	       0.003523	       0.000099	       0.012785	   8.654163e-10
     160	       0.007395	       0.002820	       0.000079	       0.010337	   2.854364e-08
      80	       0.007042	       0.002132	       0.000072	       0.009289	   1.022364e-06
      40	       0.006949	       0.001444	       0.000065	       0.008500	   4.715233e-05
      20	       0.006789	       0.000886	       0.000061	       0.007776	   3.839289e-03
      10	       0.006551	       0.000398	       0.000062	       0.007052	   1.853738e-01
    5120	       0.009688	       0.008388	       0.000128	       0.018250	   1.614208e+00
    2560	       0.009730	       0.006327	       0.000109	       0.016211	   2.771148e-01
    1280	       0.009722	       0.004908	       0.000100	       0.014772	   1.009357e-12
     640	       0.010088	       0.004211	       0.000097	       0.014439	   2.683834e-11
     320	       0.008178	       0.003527	       0.000101	       0.011849	   8.654163e-10
     160	       0.007387	       0.002834	       0.000080	       0.010345	   2.854364e-08
      80	       0.007036	       0.002138	       0.000070	       0.009286	   1.022364e-06
      40	       0.006937	       0.001439	       0.000066	       0.008484	   4.715233e-05
      20	       0.006778	       0.000886	       0.000062	       0.007767	   3.839289e-03
      10	       0.006543	       0.000399	       0.000061	       0.007044	   1.853738e-01
    5120	       0.009662	       0.008395	       0.000128	       0.018229	   1.614208e+00
    2560	       0.009696	       0.006333	       0.000110	       0.016181	   2.771148e-01
    1280	       0.009735	       0.004911	       0.000099	       0.014787	   1.009357e-12
     640	       0.010114	       0.004220	       0.000096	       0.014472	   2.683834e-11
     320	       0.008173	       0.003510	       0.000099	       0.011823	   8.654163e-10
     160	       0.007375	       0.002822	       0.000080	       0.010322	   2.854364e-08
      80	       0.007036	       0.002136	       0.000073	       0.009288	   1.022364e-06
      40	       0.006925	       0.001442	       0.000065	       0.008476	   4.715233e-05
      20	       0.006783	       0.001782	       0.000062	       0.008670	   3.839289e-03
      10	       0.006534	       0.000401	       0.000062	       0.007040	   1.853738e-01
    5120	       0.009703	       0.008396	       0.000127	       0.018269	   1.614208e+00
    2560	       0.009711	       0.006334	       0.000108	       0.016195	   2.771148e-01
    1280	       0.009725	       0.004921	       0.000101	       0.014790	   1.009357e-12
     640	       0.010116	       0.004210	       0.000097	       0.014473	   2.683834e-11
     320	       0.008195	       0.003522	       0.000100	       0.011861	   8.654163e-10
     160	       0.007395	       0.002821	       0.000079	       0.010338	   2.854364e-08
      80	       0.007042	       0.002134	       0.000071	       0.009290	   1.022364e-06
      40	       0.006944	       0.001443	       0.000065	       0.008495	   4.715233e-05
      20	       0.006787	       0.000887	       0.000061	       0.007777	   3.839289e-03
      10	       0.006554	       0.000397	       0.000061	       0.007054	   1.853738e-01
    5120	       0.009687	       0.008392	       0.000127	       0.018249	   1.614208e+00
    2560	       0.009731	       0.006328	       0.000109	       0.016211	   2.771148e-01
    1280	       0.009728	       0.004907	       0.000101	       0.014854	   1.009357e-12
     640	       0.010103	       0.004213	       0.000098	       0.014460	   2.683834e-11
     320	       0.008195	       0.003529	       0.000098	       0.011866	   8.654163e-10
     160	       0.007384	       0.002834	       0.000081	       0.010340	   2.854364e-08
      80	       0.007032	       0.002137	       0.000070	       0.009282	   1.022364e-06
      40	       0.006938	       0.001439	       0.000067	       0.008487	   4.715233e-05
      20	       0.006780	       0.000886	       0.000061	       0.007769	   3.839289e-03
      10	       0.006541	       0.000400	       0.000061	       0.007044	   1.853738e-01
    5120	       0.009688	       0.008397	       0.000127	       0.018255	   1.614208e+00
    2560	       0.009701	       0.006334	       0.000108	       0.016187	   2.771148e-01
    1280	       0.010670	       0.005009	       0.000101	       0.015823	   1.009357e-12
     640	       0.010121	       0.004215	       0.000097	       0.014474	   2.683834e-11
     320	       0.008160	       0.003520	       0.000099	       0.011824	   8.654163e-10
     160	       0.007371	       0.002832	       0.000080	       0.010326	   2.854364e-08
      80	       0.007039	       0.002136	       0.000070	       0.009286	   1.022364e-06
      40	       0.006917	       0.001444	       0.000067	       0.008470	   4.715233e-05
      20	       0.006784	       0.000887	       0.000061	       0.007775	   3.839289e-03
      10	       0.006521	       0.000400	       0.000061	       0.007023	   1.853738e-01
    5120	       0.009724	       0.008385	       0.000128	       0.018281	   1.614208e+00
    2560	       0.009728	       0.006329	       0.000107	       0.016208	   2.771148e-01
    1280	       0.009744	       0.004910	       0.000101	       0.014797	   1.009357e-12
     640	       0.010109	       0.004222	       0.000097	       0.014470	   2.683834e-11
     320	       0.008178	       0.003525	       0.000099	       0.011845	   8.654163e-10
     160	       0.007378	       0.002828	       0.000080	       0.010328	   2.854364e-08
      80	       0.007042	       0.002135	       0.000071	       0.009290	   1.022364e-06
      40	       0.006929	       0.001443	       0.000064	       0.008479	   4.715233e-05
      20	       0.006789	       0.000888	       0.000061	       0.007781	   3.839289e-03
      10	       0.006537	       0.000400	       0.000062	       0.007039	   1.853738e-01
    5120	       0.009690	       0.008393	       0.000128	       0.018253	   1.614208e+00
    2560	       0.009719	       0.006335	       0.000110	       0.016205	   2.771148e-01
    1280	       0.009744	       0.004917	       0.000099	       0.014803	   1.009357e-12
     640	       0.010116	       0.004201	       0.000097	       0.014457	   2.683834e-11
     320	       0.010378	       0.005613	       0.000105	       0.016149	   8.654163e-10
     160	       0.012787	       0.002822	       0.000081	       0.015735	   2.854364e-08
      80	       0.007042	       0.002133	       0.000070	       0.009286	   1.022364e-06
      40	       0.006947	       0.001444	       0.000066	       0.008498	   4.715233e-05
      20	       0.006789	       0.000896	       0.000063	       0.007790	   3.839289e-03
      10	       0.006551	       0.000399	       0.000062	       0.007054	   1.853738e-01
    5120	       0.009676	       0.008390	       0.000128	       0.018238	   1.614208e+00
    2560	       0.009724	       0.006330	       0.000109	       0.016206	   2.771148e-01
    1280	       0.009723	       0.004908	       0.000100	       0.014773	   1.009357e-12
     640	       0.010095	       0.004212	       0.000096	       0.014446	   2.683834e-11
     320	       0.008179	       0.003526	       0.000098	       0.011846	   8.654163e-10
     160	       0.007388	       0.002833	       0.000080	       0.010343	   2.854364e-08
      80	       0.007031	       0.002140	       0.000071	       0.009286	   1.022364e-06
      40	       0.006936	       0.001440	       0.000066	       0.008485	   4.715233e-05
      20	       0.006779	       0.000886	       0.000063	       0.007836	   3.839289e-03
      10	       0.006543	       0.000400	       0.000061	       0.007045	   1.853738e-01
    5120	       0.009677	       0.008396	       0.000130	       0.018246	   1.614208e+00
    2560	       0.009702	       0.006334	       0.000109	       0.016185	   2.771148e-01
    1280	       0.009722	       0.004909	       0.000099	       0.014773	   1.009357e-12
     640	       0.010117	       0.004220	       0.000097	       0.014477	   2.683834e-11
     320	       0.008180	       0.003510	       0.000099	       0.011830	   8.654163e-10
     160	       0.007373	       0.002822	       0.000081	       0.010318	   2.854364e-08
      80	       0.007037	       0.002135	       0.000070	       0.009285	   1.022364e-06
      40	       0.006927	       0.001441	       0.000066	       0.008477	   4.715233e-05
      20	       0.006783	       0.000887	       0.000062	       0.007776	   3.839289e-03
      10	       0.007451	       0.000400	       0.000061	       0.007955	   1.853738e-01
    5120	       0.009680	       0.011642	       0.002283	       0.023658	   1.614208e+00
    2560	       0.009703	       0.006335	       0.000109	       0.016189	   2.771148e-01
    1280	       0.009738	       0.004918	       0.000100	       0.014799	   1.009357e-12
     640	       0.010111	       0.004202	       0.000098	       0.014452	   2.683834e-11
     320	       0.008171	       0.003530	       0.000099	       0.011841	   8.654163e-10
     160	       0.007382	       0.002830	       0.000079	       0.010334	   2.854364e-08
      80	       0.007032	       0.002136	       0.000070	       0.009281	   1.022364e-06
      40	       0.006936	       0.001443	       0.000065	       0.008487	   4.715233e-05
      20	       0.006777	       0.000884	       0.000063	       0.007766	   3.839289e-03
      10	       0.006541	       0.000399	       0.000064	       0.007044	   1.853738e-01
    5120	       0.009706	       0.008399	       0.000128	       0.018275	   1.614208e+00
    2560	       0.009712	       0.006337	       0.000109	       0.016201	   2.771148e-01
    1280	       0.009736	       0.004899	       0.000100	       0.014778	   1.009357e-12
     640	       0.010110	       0.004220	       0.000097	       0.014470	   2.683834e-11
     320	       0.008185	       0.003516	       0.000100	       0.011843	   8.654163e-10
     160	       0.007375	       0.002830	       0.000080	       0.010329	   2.854364e-08
      80	       0.007022	       0.002140	       0.000071	       0.009274	   1.022364e-06
      40	       0.006926	       0.001439	       0.000065	       0.008474	   4.715233e-05
      20	       0.006770	       0.000888	       0.000062	       0.007763	   3.839289e-03
      10	       0.006530	       0.000400	       0.000060	       0.007032	   1.853738e-01
    5120	       0.009675	       0.008385	       0.000129	       0.018231	   1.614208e+00
    2560	       0.011957	       0.009301	       0.001002	       0.022320	   2.771148e-01
    1280	       0.012904	       0.004993	       0.000101	       0.018043	   1.009357e-12
     640	       0.010105	       0.004219	       0.000097	       0.014463	   2.683834e-11
     320	       0.008176	       0.003518	       0.000098	       0.011835	   8.654163e-10
     160	       0.007378	       0.002828	       0.000080	       0.010328	   2.854364e-08
      80	       0.007024	       0.002139	       0.000071	       0.009276	   1.022364e-06
      40	       0.006926	       0.001438	       0.000067	       0.008473	   4.715233e-05
      20	       0.006769	       0.000888	       0.000062	       0.007760	   3.839289e-03
      10	       0.006529	       0.000399	       0.000062	       0.007032	   1.853738e-01
    5120	       0.009675	       0.008386	       0.000127	       0.018230	   1.614208e+00
    2560	       0.009718	       0.006322	       0.000109	       0.016191	   2.771148e-01
    1280	       0.009745	       0.004917	       0.000100	       0.014805	   1.009357e-12
     640	       0.010112	       0.004214	       0.000097	       0.014466	   2.683834e-11
     320	       0.008167	       0.003519	       0.000101	       0.011900	   8.654163e-10
     160	       0.007361	       0.002832	       0.000081	       0.010320	   2.854364e-08
      80	       0.007038	       0.002135	       0.000071	       0.009286	   1.022364e-06
      40	       0.006919	       0.001443	       0.000067	       0.008471	   4.715233e-05
      20	       0.006785	       0.000888	       0.000061	       0.007778	   3.839289e-03
      10	       0.006521	       0.000401	       0.000061	       0.007024	   1.853738e-01
    6144	       0.016073	       0.010504	       0.000136	       0.026755	   3.822637e+01
    3072	       0.015232	       0.007898	       0.000113	       0.023286	   2.809608e+00
    1536	       0.015235	       0.007161	       0.000103	       0.022543	   1.989710e-12
     768	       0.015724	       0.005316	       0.000098	       0.021180	   1.933965e-11
     384	       0.012773	       0.004571	       0.000098	       0.017486	   3.098139e-10
     192	       0.011607	       0.003758	       0.000088	       0.015496	   5.070331e-09
      96	       0.010996	       0.002982	       0.000071	       0.014092	   9.111342e-08
      48	       0.010720	       0.002195	       0.000066	       0.013025	   2.962137e-06
      24	       0.010509	       0.001411	       0.000062	       0.012024	   3.604739e-04
      12	       0.010068	       0.000625	       0.000061	       0.010796	   1.536135e-01
    6144	       0.016088	       0.010499	       0.000135	       0.026765	   3.822637e+01
    3072	       0.015230	       0.007891	       0.000113	       0.023278	   2.809608e+00
    1536	       0.015206	       0.006284	       0.000102	       0.021634	   1.989710e-12
     768	       0.015731	       0.005347	       0.000099	       0.021219	   1.933965e-11
     384	       0.012783	       0.004546	       0.000098	       0.017470	   3.098139e-10
     192	       0.011597	       0.003773	       0.000087	       0.015499	   5.070331e-09
      96	       0.011008	       0.002980	       0.000072	       0.014104	   9.111342e-08
      48	       0.010705	       0.002197	       0.000068	       0.013015	   2.962137e-06
      24	       0.018170	       0.002462	       0.001031	       0.021718	   3.604739e-04
      12	       0.010983	       0.000625	       0.000061	       0.011712	   1.536135e-01
    6144	       0.016111	       0.010497	       0.000136	       0.026787	   3.822637e+01
    3072	       0.015255	       0.007888	       0.000112	       0.023298	   2.809608e+00
    1536	       0.015229	       0.006280	       0.000101	       0.021653	   1.989710e-12
     768	       0.015730	       0.005344	       0.000097	       0.021214	   1.933965e-11
     384	       0.012778	       0.004531	       0.000098	       0.017449	   3.098139e-10
     192	       0.011620	       0.003766	       0.000086	       0.015515	   5.070331e-09
      96	       0.011014	       0.002976	       0.000071	       0.014106	   9.111342e-08
      48	       0.010719	       0.002198	       0.000066	       0.013027	   2.962137e-06
      24	       0.010516	       0.001414	       0.000062	       0.012035	   3.604739e-04
      12	       0.010059	       0.000626	       0.000061	       0.010788	   1.536135e-01
    6144	       0.016091	       0.010507	       0.000137	       0.026778	   3.822637e+01
    3072	       0.015246	       0.007902	       0.000114	       0.023305	   2.809608e+00
    1536	       0.015242	       0.006243	       0.000100	       0.021628	   1.989710e-12
     768	       0.015746	       0.005356	       0.000097	       0.021242	   1.933965e-11
     384	       0.013713	       0.004556	       0.000099	       0.018410	   3.098139e-10
     192	       0.011623	       0.004679	       0.000086	       0.016429	   5.070331e-09
      96	       0.011003	       0.002980	       0.000072	       0.014097	   9.111342e-08
      48	       0.010706	       0.002198	       0.000065	       0.013012	   2.962137e-06
      24	       0.010520	       0.001409	       0.000064	       0.012036	   3.604739e-04
      12	       0.010058	       0.000624	       0.000061	       0.010786	   1.536135e-01
    6144	       0.016091	       0.010508	       0.000138	       0.026853	   3.822637e+01
    3072	       0.015264	       0.007883	       0.000113	       0.023304	   2.809608e+00
    1536	       0.015225	       0.006258	       0.000101	       0.021628	   1.989710e-12
     768	       0.015716	       0.005342	       0.000097	       0.021198	   1.933965e-11
     384	       0.012783	       0.004547	       0.000098	       0.017471	   3.098139e-10
     192	       0.011627	       0.003755	       0.000086	       0.015512	   5.070331e-09
      96	       0.011007	       0.002982	       0.000072	       0.014104	   9.111342e-08
      48	       0.010719	       0.002200	       0.000065	       0.013028	   2.962137e-06
      24	       0.010516	       0.001413	       0.000062	       0.012033	   3.604739e-04
      12	       0.010055	       0.000627	       0.000061	       0.010785	   1.536135e-01
    6144	       0.016132	       0.011582	       0.002229	       0.030001	   3.822637e+01
    3072	       0.016254	       0.007886	       0.000112	       0.024299	   2.809608e+00
    1536	       0.015204	       0.006258	       0.000101	       0.021605	   1.989710e-12
     768	       0.015733	       0.005341	       0.000097	       0.021214	   1.933965e-11
     384	       0.012789	       0.004547	       0.000098	       0.017477	   3.098139e-10
     192	       0.011614	       0.003757	       0.000088	       0.015501	   5.070331e-09
      96	       0.011004	       0.002982	       0.000072	       0.014100	   9.111342e-08
      48	       0.010719	       0.002200	       0.000066	       0.013026	   2.962137e-06
      24	       0.010517	       0.001412	       0.000063	       0.012034	   3.604739e-04
      12	       0.010050	       0.000626	       0.000063	       0.010779	   1.536135e-01
    6144	       0.016122	       0.010485	       0.000137	       0.026787	   3.822637e+01
    3072	       0.015224	       0.007895	       0.000113	       0.023275	   2.809608e+00
    1536	       0.015192	       0.006260	       0.000101	       0.021595	   1.989710e-12
     768	       0.015755	       0.005352	       0.000099	       0.021249	   1.933965e-11
     384	       0.012766	       0.004559	       0.000099	       0.017468	   3.098139e-10
     192	       0.011629	       0.003778	       0.000087	       0.015537	   5.070331e-09
      96	       0.011929	       0.002981	       0.000071	       0.015023	   9.111342e-08
      48	       0.010712	       0.002198	       0.000067	       0.013020	   2.962137e-06
      24	       0.010500	       0.001411	       0.000063	       0.012017	   3.604739e-04
      12	       0.010063	       0.000625	       0.000062	       0.010793	   1.536135e-01
    6144	       0.016087	       0.010493	       0.000136	       0.026759	   3.822637e+01
    3072	       0.015271	       0.007887	       0.000113	       0.023314	   2.809608e+00
    1536	       0.015221	       0.006277	       0.000102	       0.021642	   1.989710e-12
     768	       0.015706	       0.005345	       0.000097	       0.021191	   1.933965e-11
     384	       0.012788	       0.004528	       0.000099	       0.017458	   3.098139e-10
     192	       0.011623	       0.003766	       0.000088	       0.015519	   5.070331e-09
      96	       0.011013	       0.002977	       0.000071	       0.014104	   9.111342e-08
      48	       0.010714	       0.002198	       0.000068	       0.013023	   2.962137e-06
      24	       0.010515	       0.001413	       0.000062	       0.012031	   3.604739e-04
      12	       0.010054	       0.000626	       0.000061	       0.010784	   1.536135e-01
    6144	       0.016065	       0.010504	       0.000135	       0.026748	   3.822637e+01
    3072	       0.015239	       0.007901	       0.000112	       0.023296	   2.809608e+00
    1536	       0.015225	       0.007160	       0.000102	       0.022530	   1.989710e-12
     768	       0.015736	       0.005316	       0.000099	       0.021193	   1.933965e-11
     384	       0.012783	       0.004572	       0.000097	       0.017494	   3.098139e-10
     192	       0.011615	       0.003757	       0.000087	       0.015503	   5.070331e-09
      96	       0.010998	       0.002983	       0.000073	       0.014097	   9.111342e-08
      48	       0.010714	       0.002197	       0.000067	       0.013021	   2.962137e-06
      24	       0.010509	       0.001410	       0.000062	       0.012024	   3.604739e-04
      12	       0.010069	       0.000626	       0.000061	       0.010798	   1.536135e-01
    6144	       0.016078	       0.010494	       0.000137	       0.026753	   3.822637e+01
    3072	       0.015247	       0.010056	       0.001175	       0.026526	   2.809608e+00
    1536	       0.015258	       0.006273	       0.000101	       0.021675	   1.989710e-12
     768	       0.015740	       0.005336	       0.000103	       0.021225	   1.933965e-11
     384	       0.018172	       0.004561	       0.000100	       0.022878	   3.098139e-10
     192	       0.011629	       0.003778	       0.000087	       0.015538	   5.070331e-09
      96	       0.010996	       0.002988	       0.000071	       0.014097	   9.111342e-08
      48	       0.010726	       0.002191	       0.000066	       0.013026	   2.962137e-06
      24	       0.010518	       0.001400	       0.000957	       0.012916	   3.604739e-04
      12	       0.010055	       0.000626	       0.000062	       0.010785	   1.536135e-01
    6144	       0.016098	       0.010506	       0.000136	       0.026783	   3.822637e+01
    3072	       0.015268	       0.007898	       0.000114	       0.023323	   2.809608e+00
    1536	       0.015240	       0.006240	       0.000101	       0.021622	   1.989710e-12
     768	       0.015748	       0.005358	       0.000097	       0.021247	   1.933965e-11
     384	       0.012774	       0.004559	       0.000098	       0.017474	   3.098139e-10
     192	       0.011631	       0.003775	       0.000087	       0.015534	   5.070331e-09
      96	       0.011002	       0.002984	       0.000071	       0.014099	   9.111342e-08
      48	       0.010719	       0.002199	       0.000065	       0.013026	   2.962137e-06
      24	       0.010523	       0.001409	       0.000061	       0.012035	   3.604739e-04
      12	       0.010055	       0.000625	       0.000062	       0.010785	   1.536135e-01
    6144	       0.016101	       0.010468	       0.000136	       0.026749	   3.822637e+01
    3072	       0.015226	       0.007877	       0.000113	       0.023259	   2.809608e+00
    1536	       0.018522	       0.006282	       0.000104	       0.024957	   1.989710e-12
     768	       0.015717	       0.005346	       0.000099	       0.021205	   1.933965e-11
     384	       0.013699	       0.004546	       0.000101	       0.018390	   3.098139e-10
     192	       0.011620	       0.003757	       0.000087	       0.015507	   5.070331e-09
      96	       0.011009	       0.002983	       0.000071	       0.014106	   9.111342e-08
      48	       0.010720	       0.002199	       0.000068	       0.013030	   2.962137e-06
      24	       0.010517	       0.001410	       0.000062	       0.012033	   3.604739e-04
      12	       0.010047	       0.000626	       0.000062	       0.010778	   1.536135e-01
    6144	       0.016132	       0.010487	       0.000137	       0.026799	   3.822637e+01
    3072	       0.015264	       0.007896	       0.000114	       0.023316	   2.809608e+00
    1536	       0.015198	       0.006259	       0.000102	       0.021601	   1.989710e-12
     768	       0.015746	       0.005352	       0.000098	       0.021240	   1.933965e-11
     384	       0.012770	       0.004559	       0.000097	       0.017469	   3.098139e-10
     192	       0.011640	       0.003777	       0.000088	       0.015546	   5.070331e-09
      96	       0.010999	       0.002988	       0.000073	       0.014102	   9.111342e-08
      48	       0.010727	       0.002191	       0.000067	       0.013025	   2.962137e-06
      24	       0.010518	       0.001405	       0.000062	       0.012026	   3.604739e-04
      12	       0.010060	       0.000623	       0.000062	       0.010786	   1.536135e-01
    6144	       0.016123	       0.010484	       0.000136	       0.026787	   3.822637e+01
    3072	       0.015254	       0.007892	       0.000113	       0.023303	   2.809608e+00
    1536	       0.015192	       0.006284	       0.000102	       0.021622	   1.989710e-12
     768	       0.015739	       0.005345	       0.000098	       0.021226	   1.933965e-11
     384	       0.012765	       0.004548	       0.000098	       0.017455	   3.098139e-10
     192	       0.011612	       0.003774	       0.000087	       0.015516	   5.070331e-09
      96	       0.011005	       0.002980	       0.000072	       0.014100	   9.111342e-08
      48	       0.010707	       0.002197	       0.000066	       0.013013	   2.962137e-06
      24	       0.010508	       0.001410	       0.000064	       0.012025	   3.604739e-04
      12	       0.010059	       0.000625	       0.000061	       0.010787	   1.536135e-01
    6144	       0.016111	       0.011431	       0.000143	       0.027737	   3.822637e+01
    3072	       0.025007	       0.007868	       0.000117	       0.033047	   2.809608e+00
    1536	       0.015203	       0.006273	       0.000102	       0.021620	   1.989710e-12
     768	       0.015717	       0.005318	       0.000097	       0.021175	   1.933965e-11
     384	       0.012803	       0.004571	       0.000099	       0.017515	   3.098139e-10
     192	       0.011625	       0.003759	       0.000087	       0.015513	   5.070331e-09
      96	       0.011930	       0.002981	       0.000072	       0.015027	   9.111342e-08
      48	       0.010719	       0.002189	       0.000067	       0.013015	   2.962137e-06
      24	       0.010513	       0.001408	       0.000062	       0.012025	   3.604739e-04
      12	       0.010063	       0.000624	       0.000063	       0.010791	   1.536135e-01
    6144	       0.016144	       0.010501	       0.000136	       0.026825	   3.822637e+01
    3072	       0.015239	       0.007877	       0.000112	       0.023271	   2.809608e+00
    1536	       0.015215	       0.006269	       0.000102	       0.021628	   1.989710e-12
     768	       0.015723	       0.005335	       0.000097	       0.021198	   1.933965e-11
     384	       0.012793	       0.004565	       0.000097	       0.017499	   3.098139e-10
     192	       0.011616	       0.003774	       0.000087	       0.015522	   5.070331e-09
      96	       0.011004	       0.002978	       0.000072	       0.014096	   9.111342e-08
      48	       0.010717	       0.002199	       0.000068	       0.013026	   2.962137e-06
      24	       0.010501	       0.001411	       0.000062	       0.012017	   3.604739e-04
      12	       0.010062	       0.000625	       0.000061	       0.010789	   1.536135e-01
    6144	       0.016117	       0.010496	       0.000136	       0.026792	   3.822637e+01
    3072	       0.015261	       0.007888	       0.000112	       0.023304	   2.809608e+00
    1536	       0.016146	       0.006275	       0.000101	       0.022564	   1.989710e-12
     768	       0.015736	       0.005333	       0.000098	       0.021210	   1.933965e-11
     384	       0.012787	       0.004555	       0.000099	       0.017483	   3.098139e-10
     192	       0.011622	       0.003767	       0.000087	       0.015518	   5.070331e-09
      96	       0.011002	       0.002981	       0.000071	       0.014096	   9.111342e-08
      48	       0.010722	       0.002189	       0.000066	       0.013020	   2.962137e-06
      24	       0.010511	       0.001406	       0.000945	       0.012905	   3.604739e-04
      12	       0.010055	       0.000626	       0.000061	       0.010784	   1.536135e-01
    6144	       0.016066	       0.010506	       0.000137	       0.026751	   3.822637e+01
    3072	       0.015251	       0.007897	       0.000114	       0.023305	   2.809608e+00
    1536	       0.015209	       0.006243	       0.000101	       0.021594	   1.989710e-12
     768	       0.015748	       0.005357	       0.000098	       0.021246	   1.933965e-11
     384	       0.012766	       0.004559	       0.000098	       0.017467	   3.098139e-10
     192	       0.011615	       0.003774	       0.000088	       0.015520	   5.070331e-09
      96	       0.011003	       0.002987	       0.000071	       0.014102	   9.111342e-08
      48	       0.010725	       0.002199	       0.000066	       0.013032	   2.962137e-06
      24	       0.010523	       0.001408	       0.000064	       0.012036	   3.604739e-04
      12	       0.010976	       0.000626	       0.000061	       0.011707	   1.536135e-01
    6144	       0.016091	       0.010502	       0.000136	       0.026772	   3.822637e+01
    3072	       0.015247	       0.007893	       0.000111	       0.023294	   2.809608e+00
    1536	       0.015210	       0.006285	       0.000101	       0.021639	   1.989710e-12
     768	       0.015731	       0.005344	       0.000097	       0.021215	   1.933965e-11
     384	       0.012780	       0.004547	       0.000097	       0.017468	   3.098139e-10
     192	       0.011619	       0.003774	       0.000087	       0.015523	   5.070331e-09
      96	       0.011009	       0.004078	       0.002231	       0.017368	   9.111342e-08
      48	       0.016121	       0.002191	       0.000068	       0.018427	   2.962137e-06
      24	       0.010516	       0.001408	       0.000063	       0.012028	   3.604739e-04
      12	       0.010062	       0.000624	       0.000063	       0.010791	   1.536135e-01
    6144	       0.016118	       0.010499	       0.000136	       0.026798	   3.822637e+01
    3072	       0.015265	       0.007878	       0.000113	       0.023299	   2.809608e+00
    1536	       0.015215	       0.006267	       0.000102	       0.021629	   1.989710e-12
     768	       0.015717	       0.005335	       0.000097	       0.021192	   1.933965e-11
     384	       0.013705	       0.004557	       0.000098	       0.018402	   3.098139e-10
     192	       0.011622	       0.003767	       0.000087	       0.015520	   5.070331e-09
      96	       0.010990	       0.002981	       0.000072	       0.014086	   9.111342e-08
      48	       0.010721	       0.002191	       0.000068	       0.013022	   2.962137e-06
      24	       0.010515	       0.001408	       0.000063	       0.012028	   3.604739e-04
      12	       0.010068	       0.000624	       0.000063	       0.010797	   1.536135e-01
